3.633312335284684
3.07167015
2.9575577500000003
3.0038457000000003
3.0244185000000003
3.20071655
3.0966288
2.96171215
2.9418502
2.93737385
2.99027345
3.0073138
3.16155775
2.91468095
3.7017816
3.511918
2.9119955500000003
2.84612
2.8859277
2.82966895
2.8800641999999996
2.9086183500000002
2.87972205
2.83826105
2.8707133000000002
2.8868910999999997
2.9050843
2.9194695
2.8238012
2.81822885
2.8690612499999997
2.8427709
2.8182133499999997
2.9532958000000002
2.86660965
2.7994372
2.93558175
2.9423587
2.87564025
2.9153409000000003
2.83012745
2.8805975
2.8739075000000005
2.9744773
2.85733105
2.96526305
2.88682415
2.8166839
2.8374491500000003
2.86264535
2.8642157
2.95908565
2.99122565
2.9031959499999997
2.8612823499999998
2.9175677
2.9308529500000002
2.9479330499999996
2.8095732
2.83484435
2.986268
2.93408815
2.9853741
2.9144892000000002
2.9176187000000002
2.8307305
2.8346638
2.91591255
2.91573855
2.9604559999999998
2.92356205
2.9195088
2.92031785
3.0291213499999996
2.8800999999999997
3.00812995
2.96569115
2.92660995
3.23990485
2.9041033
3.29092525
2.9143089
2.8625878
2.84509195
2.8302088999999997
2.9281477000000002
2.9413384000000002
2.8744757
2.96312045
3.01259165
