5.0343912055964175
2.726162441568192
1.6360505076863652
1.720022835764567
1.598430543422571
3.2903008649168113
2.043701417504808
2.000666584093981
1.6290417787670741
1.5435875011457898
1.4123803269074857
1.8453530915702432
3.0094769666906536
1.2692970028672867
5.0134207402035855
4.001621350517588
1.507525968096694
0.954726837405351
1.035336599605757
1.046861371969724
1.2054155965148095
0.983833214942555
1.4579094911905464
1.0179379698622624
1.163572687730586
1.0360248434553194
1.2523976617120407
1.282952649725903
0.9823786091804748
0.931502064701951
0.9292735478515897
1.0020949118758185
0.8389453560315322
1.127179367832753
0.9650858655854995
0.9104648006331165
1.296297118876193
1.3364159777176858
1.0948066346413814
1.1947460366689049
0.8463366138144024
1.185162776228598
1.0523656813479167
1.3196317844028025
0.9334101920414518
1.4299670952044525
1.168777313263269
0.8645408831986126
0.9017145460535096
0.916525185678894
1.0274011083661287
1.3985114370911331
1.570803699709411
1.1070074747849312
0.9204760866564956
1.0670006841209851
1.2325205036481908
1.427590348649308
0.9606730256683478
0.9914931909914693
1.1218554098783704
1.1566989529668084
1.3780543850150702
0.976576753171311
1.0758019905642842
0.8876899006709009
0.8532756127312362
1.4160273844629931
1.3465958617615021
1.4573515297800972
1.127004362990729
1.3098826027045862
1.321091837410288
1.6880779323750947
0.9347288300955541
1.4761503959061533
1.161852689564084
1.1018442954823278
2.7760280554228554
1.0957022090747555
7.558086305585691
1.1803100168583525
1.0898875483385293
0.8694992516364586
1.1093842412518828
1.056010484669632
1.7002636054044677
0.9528582543916853
1.450383201132533
1.3264543059670608
