9.805959203078531
10.147867189125478
9.210563956745105
9.581990534821962
10.117762519203533
9.231690493698842
9.673244569634754
10.004572901613313
8.787769804635754
9.609306101372212
10.143153824093801
8.71482629678548
9.344333622363745
10.030262012096667
7.576296367904065
8.930158628990618
10.221030875898123
8.598187929448276
8.722223648432204
9.509113188457846
7.433634902962078
9.872472368666976
10.541069939645094
9.753112977124317
10.002519928567517
10.102414245350749
9.157547265063613
9.73609881410227
10.264845599479116
9.076918165184068
10.056787835444352
10.32181271735719
9.47626964848595
10.15774451040318
10.445397047101784
9.482142485870828
10.233136008272048
10.429502251277386
9.67400479815388
10.392562099665163
10.431931977600293
9.315958934429846
9.914234539697405
10.170589802913026
9.18489845135338
9.952737180078238
10.377188099854841
9.778957862467214
9.827545389915294
10.134319765430392
9.173302583094955
10.016805343403785
10.174689102603313
9.242680428766555
9.742591150701095
10.138655430587185
8.93332395406979
9.961292333573036
10.316919376686798
9.266416380391318
9.636024467818032
10.181286219631081
9.329913758139874
9.950438920434852
10.11617766553423
9.008115751867855
9.529664850561353
10.055424583090637
8.903579416626288
9.439074564964265
10.16880702733539
9.422083309408407
9.648602921051628
10.225046440443066
9.801667378312814
10.205011966253975
10.505076738611873
9.483746976151064
9.88178827347011
9.962716584074641
8.936049477544987
9.573278441101891
10.08752120511559
8.74203831251043
9.903513549806092
10.5980199295295
9.504098752708792
9.763237647893984
10.274117759641763
9.20351124246094
