63.87549657197415
50.977244416267325
43.00229927229033
90.54077712819767
94.55336598936174
39.841909831115075
107.10831362175415
109.80488767919866
35.582795319357395
75.71526945039213
65.86032542692458
54.04125173601397
79.6810567029753
44.19956031509669
61.15092094040867
92.873312184732
86.75509805389285
64.61064425798386
105.57992857199908
72.69271909462519
38.79096974379352
78.84768884367611
70.93569935530418
54.51034298733844
94.99246081999658
74.27428865771509
40.55674564835491
74.41907952482916
72.77071769638626
48.090397744714394
103.66437707905602
104.0998865305404
47.21107449888607
91.30561633319826
106.77742345436768
49.84201454826837
118.78032386639374
101.72583247307847
34.41843734955072
69.60210542273046
73.79137433024016
56.35479910546422
74.09164310575008
55.89610373455636
36.83061558581736
82.96303965264131
70.33474511302697
35.91057214820833
75.5454603397381
68.16022646819431
40.70399040120247
90.51566924418304
92.6717281738891
42.75515060973778
93.26762677547647
56.95712702891527
65.37673883980908
77.23370471526813
78.73414614888667
31.26163788695262
83.97497438891145
99.05544393821181
45.19518238731359
91.92487452653216
81.51692438992353
59.44331231562999
59.669050800070366
59.74480309721262
52.18557895831914
69.37743494144007
52.15144390218942
57.820308597797435
102.69764841984485
69.41105161096148
28.868032277236864
82.08932731287057
70.46950645587731
53.26766998746059
100.73493884170162
138.4507712458798
54.62595560480214
108.74827201805684
67.55692445383434
51.90870567827883
88.45174828207475
68.99353152067428
49.65879626049821
92.19124305721468
70.35259529838163
37.200985052812314
