2.972146539818886
2.9543709401073412
2.8502414595991388
2.8880048841437995
2.9646675156034243
2.812052660655025
2.9226959351832935
2.9317319314809662
2.756529704876114
4.364259175202767
3.078035356484136
3.3117029596979375
3.2452176475943206
3.027364117034735
3.2224984790782862
3.303549276141398
3.0918532583436846
3.0710006884684438
3.3318289223404154
3.405692894456388
3.0431268913899543
4.122925859748811
5.087701673186029
3.6652984429713005
3.8252993020919477
4.1660197807153505
3.136983447228938
2.8667832060454606
2.9840821884552113
2.764353220588456
2.888937190667141
3.0734228001752513
2.7633570126471385
2.9270005940272315
2.964432952904695
5.134584949654658
3.120572325328845
3.0034748178218775
3.075060508468863
3.577254089680401
3.040683567749263
2.689398618508315
2.8787950966372953
2.933824911287533
3.2226626240322114
2.9917459060304505
3.4350655097252156
5.667691170540712
2.969767772934345
3.1366846651732505
3.050648871491979
2.954302326900325
2.9959200357546916
2.913730154206418
2.85584745321896
3.049493310192749
2.728023395605982
2.849989492074025
2.994865071991935
5.359294304269431
2.846554836785864
3.204690767707451
2.950931433133417
3.3201465657314584
2.9255541723825598
2.7853412958641552
2.976807657671313
2.98554436499541
2.9829390248407455
2.9453772155381035
2.9934934043853807
3.00328211209347
5.350408498817843
3.319583759087826
3.3786978721636083
4.45494469423959
3.299310192934337
2.9449770953610694
2.898551920126833
2.9418263343076783
2.800582829731585
2.905945862747234
2.911063641427893
2.8133286071012664
6.718539596875052
2.9256746970486907
3.026592439753916
2.805018358298103
3.1717349826674104
2.910769825274191
