4040.05
4053.4500000000003
3967.7999999999997
4107.099999999999
4073.5
3952.4
4026.75
4047.5
3948.8
4059.6
4048.65
3934.45
4011.0
4033.7
3942.9
4056.1000000000004
3985.3500000000004
3844.9
3924.2
4004.3
3947.75
4040.6499999999996
4056.85
3942.6
4019.8
4022.05
3912.7
3997.7
3969.95
3879.25
3940.9500000000003
4015.1499999999996
3833.65
3954.7000000000003
3969.75
3797.6
4019.3500000000004
4068.15
3926.25
4053.05
4022.95
3918.8
3911.7000000000003
4019.4
3947.3
4042.25
4033.65
3914.45
4015.0
4061.3999999999996
3945.3499999999995
4059.4500000000007
4034.6500000000005
3911.5
3998.4999999999995
4047.9
3957.6499999999996
3985.5500000000006
4014.6500000000005
3934.05
4022.8499999999995
4073.2500000000005
3958.1
4059.3999999999996
4048.8999999999996
3956.05
4001.95
4020.9500000000003
3946.5499999999997
3931.8999999999996
3934.8
3890.3999999999996
3950.7000000000007
4037.55
3966.25
4075.7
4087.7
3959.55
4043.8
4030.65
3865.1499999999996
3909.25
4063.05
3925.1499999999996
4010.5
4067.5
3925.3499999999995
3953.15
4056.7
3951.7499999999995
